
02 03 08 09 06 07 12 13 10 11 00 01 14 15 04 05 18 19 24 25 22 23 28 29 26 27 16 17 30 31 20 21
10 11 00 01 14 15 04 05 02 03 08 09 06 07 12 13 26 27 16 17 30 31 20 21 18 19 24 25 22 23 28 29 

01 04 03 06 05 16 07 18 09 12 11 14 13 24 15 26 17 20 19 22 21 00 23 02 25 28 27 30 29 08 31 10
00 01 02 03 04 05 06 07 08 09 10 11 12 13 14 15 16 17 18 19 20 21 22 23 24 25 26 27 28 29 30 31

00 01 02 03 04 05 06 07 08 09 10 11 12 13 14 15 16 17 18 19 20 21 22 23 24 25 26 27 28 29 30 31
21 00 23 02 01 04 03 06 29 08 31 10 09 12 11 14 05 16 07 18 17 20 19 22 13 24 15 26 25 28 27 30


odd neighbors
00 01 02 03 04 05 06 07 08 09 10 11 12 13 14 15 16 17 18 19 20 21 22 23 24 25 26 27 28 29 30 31


Even Lengths
21 23 29 31   21 23 29 31   21 23 29 31
20 22 28 30   20 22 28 30   20 22 28 30
17 19 25 27   17 19 25 27   17 19 25 27
16 18 24 26   16 18 24 26   16 18 24 26
05 07 13 15   05 07 13 15   05 07 13 15
04 06 12 14   04 06 12 14   04 06 12 14
01 03 09 11   01 03 09 11   01 03 09 11
00 02 08 10   00 02 08 10   00 02 08 10

21 23 29 31   21 23 29 31   21 23 29 31
20 22 28 30   20 22 28 30   20 22 28 30
17 19 25 27   17 19 25 27   17 19 25 27
16 18 24 26   16 18 24 26   16 18 24 26
05 07 13 15   05 07 13 15   05 07 13 15
04 06 12 14   04 06 12 14   04 06 12 14
01 03 09 11   01 03 09 11   01 03 09 11
00 02 08 10   00 02 08 10   00 02 08 10

21 23 29 31   21 23 29 31   21 23 29 31
20 22 28 30   20 22 28 30   20 22 28 30
17 19 25 27   17 19 25 27   17 19 25 27
16 18 24 26   16 18 24 26   16 18 24 26
05 07 13 15   05 07 13 15   05 07 13 15
04 06 12 14   04 06 12 14   04 06 12 14
01 03 09 11   01 03 09 11   01 03 09 11
00 02 08 10   00 02 08 10   00 02 08 10

Odd Lengths
10 11 14 15 26 27 30 31   10 11 14 15 26 27 30 31   10 11 14 15 26 27 30 31
08 09 12 13 24 25 28 29   08 09 12 13 24 25 28 29   08 09 12 13 24 25 28 29
02 03 06 07 18 19 22 23   02 03 06 07 18 19 22 23   02 03 06 07 18 19 22 23
00 01 04 05 16 17 20 21   00 01 04 05 16 17 20 21   00 01 04 05 16 17 20 21
                                                    
10 11 14 15 26 27 30 31   10 11 14 15 26 27 30 31   10 11 14 15 26 27 30 31
08 09 12 13 24 25 28 29   08 09 12 13 24 25 28 29   08 09 12 13 24 25 28 29
02 03 06 07 18 19 22 23   02 03 06 07 18 19 22 23   02 03 06 07 18 19 22 23
00 01 04 05 16 17 20 21   00 01 04 05 16 17 20 21   00 01 04 05 16 17 20 21
                                                    
10 11 14 15 26 27 30 31   10 11 14 15 26 27 30 31   10 11 14 15 26 27 30 31
08 09 12 13 24 25 28 29   08 09 12 13 24 25 28 29   08 09 12 13 24 25 28 29
02 03 06 07 18 19 22 23   02 03 06 07 18 19 22 23   02 03 06 07 18 19 22 23
00 01 04 05 16 17 20 21   00 01 04 05 16 17 20 21   00 01 04 05 16 17 20 21

DQCB -> DQF0
c == 11
f == 14

b == 10
0 == 0
